829.74 381.45
675.59 712.57
408.07 148.62
629.97 604.71
100.54 68.64
419.67 231.62
398.4 338.51
806.12 415.35
289.01 917.17
521.4 828.59
937.28 954.06
446.0 912.87
180.85 821.45
508.47 242.92
907.24 752.75
701.38 83.82
537.39 648.08
174.63 881.63
99.71 883.76
812.22 679.42
925.45 468.27
136.98 500.57
313.88 534.07
955.27 130.37
686.44 759.69
156.66 215.34
78.02 452.29
677.37 983.38
821.04 789.71
472.38 469.05
755.25 973.02
572.04 165.54
846.85 916.29
542.0 617.87
762.28 926.48
36.69 116.43
664.38 406.85
260.23 72.83
81.54 936.71
24.9 626.03
955.71 771.45
149.98 744.02
816.97 953.52
473.67 935.58
965.21 990.69
261.93 404.72
200.46 559.77
755.87 266.43
479.85 115.8
689.96 300.97
162.22 600.87
790.03 454.35
980.4 914.53
504.39 93.14
32.31 192.15
651.08 160.52
641.84 419.44
360.68 819.51
464.93 614.27
56.98 287.86
528.58 726.32
988.72 739.44
315.72 458.61
260.88 222.09
661.29 849.03
735.72 495.61
275.09 567.68
404.6 12.32
413.99 178.97
256.39 749.61
851.42 286.61
808.4 989.9
496.45 124.93
844.62 810.61
223.65 373.92
849.19 207.31
557.4 110.95
55.41 922.11
754.85 93.43
363.89 888.39
435.1 421.24
173.11 372.81
309.37 593.11
524.11 175.9
792.77 81.09
794.81 62.77
226.13 963.79
633.14 746.45
72.77 337.67
455.52 573.99
45.49 240.27
644.46 767.95
575.22 821.83
446.0 269.66
711.65 931.33
486.12 393.6
421.04 593.35
511.75 415.86
987.59 749.94
131.75 648.19
